155 283
261 278
174 287
276 288
131 235
223 238
159 239
249 242
151 230
246 227
159 301
246 301
151 253
258 255
149 218
260 213
175 288
276 290
164 252
271 249
147 316
256 308
162 275
271 263
173 233
274 238
185 209
286 200
174 250
275 245
143 243
246 235
150 279
252 273
166 249
269 237
193 241
298 233
159 295
260 292
160 257
273 258
219 291
311 293
154 228
262 213
185 215
289 215
194 198
297 190
188 191
293 195
171 231
287 224
184 272
279 269
180 275
281 271
171 300
272 302
169 333
280 333
166 309
269 310
156 275
259 281
175 242
281 241
174 265
280 262
170 206
265 216
169 276
276 271
152 282
260 284
162 303
260 306
165 261
268 266
170 273
278 275
157 271
260 259
164 253
266 253
193 257
294 259
187 227
281 225
204 244
307 244
181 253
288 253
167 248
258 251
173 203
278 200
157 234
255 235
110 233
216 234
129 231
239 228
130 258
243 250
136 212
244 200
146 232
252 234
125 286
233 280
150 251
257 246
137 249
249 245
121 247
235 239
140 256
240 251
181 275
294 272
184 274
284 262
162 281
284 275
159 265
265 251
174 264
280 258
159 241
254 246
169 249
274 250
167 276
279 271
162 292
268 284
147 238
242 235
165 271
273 265
171 277
278 272
162 264
277 262
185 244
284 240
154 283
262 283
161 257
267 259
181 253
298 253
170 255
275 255
169 204
279 213
148 243
256 250
165 246
271 243
163 268
265 264
162 263
273 268
189 246
294 244
176 223
286 225
158 209
278 210
180 257
287 255
170 268
277 272
182 257
293 255
169 242
283 242
187 296
293 302
196 283
295 279
182 290
279 287
180 269
287 271
161 259
281 257
185 286
284 292
179 266
285 265
165 266
267 267
162 272
274 265
159 259
260 262
