0 0 0.000000000000000147268232281585
0 1 0.999947171287493
0 0 0.000000000000000000396453450956941
0 1 0.980790686519958
0 1 0.99675993520985
0 0 0.00000532155930008978
0 0 0.000108237984157901
0 0 0.00000532155932077413
0 1 0.709334400652227
0 0 0.0842401089425079
1 1 0.917092757440546
1 1 0.977159047961781
1 0 0.000000000000000000396453450965843
1 0 0.00000000000000000119350119569075
1 1 0.712154003827981
1 0 0.000000000000000496230210727776
1 1 0.980752720057671
1 1 0.712154003250907
1 0 0.000108237984157901
1 0 0.455449403466477
