0 1 0.610780647539235
0 0 0.00206862598764678
0 0 0.00000000000000000000000296221402411961
0 0 0.00000000000000000230316145549068
0 1 0.999090461445299
0 0 0.00141078336551419
0 0 0.0000000000000000000183338409726287
0 0 0.00000000000000087306442070829
0 0 0.00000000000061113780116244
0 0 0.000000000000000000786011510805407
1 1 0.999090461444987
1 0 0.0225398296869764
1 1 0.999999999999999
1 0 0.497617604480896
1 0 0.000764862730280775
1 0 0.00000000000000000132823433928889
1 0 0.49721753741227
1 1 0.999995567485903
1 1 0.999995567322014
1 1 0.999999999994885
