0 0 0.0000000000000000000000182318831037394
0 1 0.999999999987306
0 0 0.0132979329042862
0 1 0.831279847289465
0 1 0.999999999928984
0 0 0.00000000000000000000000000171432023319629
0 1 0.741248033818128
0 0 0.467333186041426
0 1 0.831279892639284
0 1 0.549297533981485
1 0 0.458874036442642
1 1 0.999999999987354
1 1 0.999999999997161
1 0 0.467333186041426
1 1 0.831279892639284
1 0 0.000000000000000000000102386094823407
1 0 0.479826863224966
1 0 0.467333186041426
1 1 0.999999999987354
1 0 0.00000151146440535138
