0 0 0.0666040352641713
0 1 0.99999999999991
0 0 0.0000000000000000000713223472457989
0 0 0.0000000533254613024665
0 0 0.0000606930698245295
0 0 0.0000000000000000000690498687944958
0 0 0.0000000000166224568405271
0 0 0.0146189170023764
0 1 0.999992613368501
0 0 0.0000127254749199606
1 1 0.962886876965635
1 0 0.0000000000000000168774374642224
1 0 0.0146189170103015
1 1 0.944092174824283
1 1 0.999999856908389
1 1 0.999999856908388
1 1 0.999837155037537
1 0 0.0000626868814749238
1 1 0.853561376460912
1 1 0.999999856908398
