0 1 1
0 1 0.852132531524373
0 0 0.00000000000227013971473076
0 0 0.000035451243627281
0 0 0.000581185626219563
0 0 0.000000000467206954915809
0 0 0.0000000058491194885313
0 0 0.000000956277415953487
0 1 0.999963633479726
0 0 0.000000000000405875602536306
1 1 0.999999932105706
1 1 0.999999999998021
1 1 0.85212069959831
1 1 0.999997325411555
1 0 0.330120033472296
1 0 0.00000000000906644897657844
1 0 0.0000000480175895214779
1 0 0.00000000750618626902403
1 0 0.00000000000000635738985874286
1 1 0.984006375512508
