0 0 0.0000000000000000000000000464837667284376
0 1 0.997528613650897
0 1 0.964692622853299
0 0 0.00516859308684176
0 0 0.0000000000000000351497773211372
0 1 0.991613468137435
0 1 0.996972366549051
0 0 0.000000000000000000000000918708913465612
0 1 0.999999999999382
0 1 0.964833430763884
1 1 0.999999994641562
1 1 0.99999999999882
1 1 0.964827895786122
1 1 0.964833430071927
1 1 0.993206943823524
1 1 0.999999994641563
1 1 0.991588394769026
1 0 0.0000484108955491381
1 1 0.993289666271952
1 1 0.993206943823541
