0 0 0.0244726679956568
0 1 0.8902852062984
0 1 0.999993510904284
0 1 0.999768460081374
0 1 0.999999999983973
0 0 0.00000000190311894792829
0 0 0.00000000000000000000000157263181396426
0 0 0.00868013860253976
0 0 0.000130779235531833
0 1 0.998186505320204
1 1 0.999996383241147
1 1 0.999997034884499
1 0 0.0118899747077114
1 0 0.000000000000449334660445495
1 0 0.0205823690348904
1 1 0.99993379797675
1 1 0.999997287442523
1 0 0.00000230299420020439
1 1 0.981801265245682
1 0 0.000000000000000000111703666627246
