0 0 0.000014890263675602
0 0 0.00000461828050086779
0 0 0.00000461825937297978
0 0 0.0000097523923472834
0 0 0.0000914040402071804
0 0 0.000007811279130556
0 0 0.00000774979539126807
0 0 0.0000097523923472836
0 0 0.0000185670632871639
0 0 0.00000720799993267266
1 0 0.0000207056726774022
1 0 0.0000711300324169713
1 0 0.00000461825892976456
1 0 0.0000097523923472834
1 0 0.00000366992250952666
1 0 0.00000366992249696408
1 0 0.0000226201445902447
1 0 0.0000185670632871696
1 0 0.00000887343317580108
1 0 0.00000461825892976456
