0 0 0.0000186040262860589
0 1 0.792323878364011
0 0 0.00000000528453756207213
0 0 0.00000000528321241257975
0 0 0.00000000528321354851628
0 0 0.0270903655506938
0 1 0.995501809469324
0 0 0.00000000528321241261215
0 0 0.00710689946900434
0 0 0.00000000528345395565621
1 0 0.00000000528335504910246
1 1 0.995547720718369
1 0 0.00000000528335504910246
1 0 0.00000000528353821496954
1 1 0.750114152366928
1 0 0.00000000528322091385488
1 1 0.9667797215088
1 1 0.792323878368594
1 0 0.0543264317481261
1 1 0.995501809469289
